image: /home/user1/catkin_ws/src/amr/robot_amr/maps/goc.pgm
resolution: 0.100000
origin: [-400.049957, -400.049957, 0.000000]
negate: 0
occupied_thresh: 0.65
free_thresh: 0.196

