image: /home/user1/catkin_ws/src/amr/robot_amr/maps/quet.pgm
resolution: 0.070000
origin: [-280.035004, -280.035004, 0.000000]
negate: 0
occupied_thresh: 0.65
free_thresh: 0.196

